[normalization_factors]
extract = 40.43102264404297
chop = 292.3729419708252
depth = 15.982627868652344
