[normalization_factors]
extract = 34.96956825256348
chop = 288.8672351837158
depth = 15.636205673217773
